0.046154894 1 0 0 0
0.079488933 1 0 0 0
0.119533645 1 0 0 0
0.153047626 1 0 0 0
0.19946045 1 0 0 0
0.232814227 1 0 0 0
0.266159147 1 0 0 0
0.312798573 1 0 0 0
0.352823717 1 0 0 0
0.392799755 1 0 0 0
0.426149198 1 0 0 0
0.459779911 1 0 0 0
0.499502513 1 0 0 0
0.539494038 1 0 0 0
0.579488075 1 0 0 0
0.612842556 1 0 0 0
0.652936541 1 0 0 0
0.692807992 1 0 0 0
0.726152296 1 0 0 0
0.759507492 1 0 0 0
0.799486481 1 0 0 0
0.839485552 1 0 0 0
0.879504503 1 0 0 0
0.919518239 1 0 0 0
0.952852925 1 0 0 0
0.99278793 1 0 0 0
1.032805352 1 0 0 0
1.066215898 1 0 0 0
1.106421779 1 0 0 0
1.152803698 1 0 0 0
1.186153451 1 0 0 0
1.220130944 1 0 0 0
1.259475601 1 0 0 0
1.299474986 1 0 0 0
1.332822378 1 0 0 0
1.372808883 1 0 0 0
1.406274381 1 0 0 0
1.446182902 1 0 0 0
1.492805466 1 0 0 0
1.532790988 1 0 0 0
1.56630872 1 0 0 0
1.606202649 1 0 0 0
1.639548465 1 0 0 0
1.686180888 1 0 0 0
1.726170051 1 0 0 0
1.766120378 1 0 0 0
1.799589127 1 0 0 0
1.839466168 1 0 0 0
1.872819184 1 0 0 0
1.906183922 1 0 0 0
1.966164619 1 0 0 0
2.006133558 1 0 0 0
2.039468304 1 0 0 0
2.072820507 1 0 0 0
2.112804254 1 0 0 0
2.146148016 1 0 0 0
2.179566226 1 0 0 0
2.226141559 1 0 0 0
2.259752795 1 0 0 0
2.299477767 1 0 0 0
2.332839991 1 0 0 0
2.372984724 1 0 0 0
2.412854894 1 0 0 0
2.452895149 1 0 0 0
2.486338996 1 0 0 0
2.526144175 1 0 0 0
2.55951228 1 0 0 0
2.599454884 1 0 0 0
2.639676025 1 0 0 0
2.679484629 1 0 0 0
2.712862334 1 0 0 0
2.752801479 1 0 0 0
2.786167647 1 0 0 0
2.819588248 1 0 0 0
2.859837874 1 0 0 0
2.899542765 1 0 0 0
2.939542697 1 0 0 0
2.979493865 1 0 0 0
3.012841377 1 0 0 0
3.046175028 1 0 0 0
3.086157338 1 0 0 0
3.119747476 1 0 0 0
3.159449299 1 0 0 0
3.19948218 1 0 0 0
3.23950546 1 0 0 0
3.272869734 1 0 0 0
3.312826274 1 0 0 0
3.359495141 1 0 0 0
3.399493956 1 0 0 0
3.432857949 1 0 0 0
3.472795584 1 0 0 0
3.51279046 1 0 0 0
3.546141109 1 0 0 0
3.579490916 1 0 0 0
3.619511118 1 0 0 0
3.659499343 1 0 0 0
3.693381797 1 0 0 0
3.73279824 1 0 0 0
3.766153956 1 0 0 0
3.799538129 1 0 0 0
3.83953201 1 0 0 0
3.892812067 1 0 0 0
3.932810617 1 0 0 0
3.966174389 1 0 0 0
3.999528146 1 0 0 0
4.039522633 1 0 0 0
4.079458295 1 0 0 0
4.112812484 1 0 0 0
4.146186879 1 0 0 0
4.186209927 1 0 0 0
4.219543459 1 0 0 0
4.259512266 1 0 0 0
4.299468408 1 0 0 0
4.346186078 1 0 0 0
4.39281449 1 0 0 0
4.4261602 1 0 0 0
4.466149771 1 0 0 0
4.49952624 1 0 0 0
4.539531323 1 0 0 0
4.572893199 1 0 0 0
4.613065968 1 0 0 0
4.653249546 1 0 0 0
4.699663186 1 0 0 0
4.739575321 1 0 0 0
4.779512483 1 0 0 0
4.826142125 1 0 0 0
4.86611642 1 0 0 0
4.899463457 1 0 0 0
4.932870928 1 0 0 0
4.972797781 1 0 0 0
5.012868644 1 0 0 0
5.052859321 1 0 0 0
5.086688351 1 0 0 0
5.132791326 1 0 0 0
5.16616522 1 0 0 0
5.199502126 1 0 0 0
5.239785986 1 0 0 0
5.286233811 1 0 0 0
5.332791589 1 0 0 0
5.366132804 1 0 0 0
5.39948591 1 0 0 0
5.439493942 1 0 0 0
5.486232292 1 0 0 0
5.526145904 1 0 0 0
5.559493585 1 0 0 0
5.606136702 1 0 0 0
5.639478708 1 0 0 0
5.679491415 1 0 0 0
5.72615934 1 0 0 0
5.766128493 1 0 0 0
5.806482143 1 0 0 0
5.846211667 1 0 0 0
5.886382267 1 0 0 0
5.926151449 1 0 0 0
5.959488848 1 0 0 0
5.992839627 1 0 0 0
6.03955305 1 0 0 0
6.079464733 1 0 0 0
6.112812708 1 0 0 0
6.146180346 1 0 0 0
6.186234635 1 0 0 0
6.226134447 1 0 0 0
6.266143057 1 0 0 0
6.299490805 1 0 0 0
6.352842834 1 0 0 0
6.399565947 1 0 0 0
6.439522589 1 0 0 0
6.479474864 1 0 0 0
6.512831569 1 0 0 0
6.552926031 1 0 0 0
6.592823389 1 0 0 0
6.626200056 1 0 0 0
6.666125175 1 0 0 0
6.699485361 1 0 0 0
6.739479599 1 0 0 0
6.779553384 1 0 0 0
6.819721236 1 0 0 0
6.866125108 1 0 0 0
6.90613167 1 0 0 0
6.939474161 1 0 0 0
6.979600758 1 0 0 0
7.032832924 1 0 0 0
7.07955261 1 0 0 0
7.119504439 1 0 0 0
7.166134303 1 0 0 0
7.206110683 1 0 0 0
7.239486124 1 0 0 0
7.279528303 1 0 0 0
7.319676476 1 0 0 0
7.359621127 1 0 0 0
7.399492199 1 0 0 0
7.432853224 1 0 0 0
7.472829203 1 0 0 0
7.512787494 1 0 0 0
7.546126261 1 0 0 0
7.579462882 1 0 0 0
7.626141361 1 0 0 0
7.659501596 1 0 0 0
7.699482719 1 0 0 0
7.73282181 1 0 0 0
7.766158215 1 0 0 0
7.80612391 1 0 0 0
7.83947528 1 0 0 0
7.892860388 1 0 0 0
7.932801424 1 0 0 0
7.97283826 1 0 0 0
8.012811452 1 0 0 0
8.046157064 1 0 0 0
8.092780909 1 0 0 0
8.126152248 1 0 0 0
8.159513442 1 0 0 0
8.199483872 1 0 0 0
8.239471655 1 0 0 0
8.272808144 1 0 0 0
8.306297369 1 0 0 0
8.346177954 1 0 0 0
8.386228338 1 0 0 0
8.419589492 1 0 0 0
8.452927407 1 0 0 0
8.49284087 1 0 0 0
8.532822226 1 0 0 0
8.579530294 1 0 0 0
8.619692388 1 0 0 0
8.653052043 1 0 0 0
8.692819782 1 0 0 0
8.732841119 1 0 0 0
8.772858732 1 0 0 0
8.819475947 1 0 0 0
8.852834619 1 0 0 0
8.892823794 1 0 0 0
8.932802351 1 0 0 0
8.966164751 1 0 0 0
8.999510675 1 0 0 0
9.039499769 1 0 0 0
9.079482377 1 0 0 0
9.126189431 1 0 0 0
9.166168508 1 0 0 0
9.199505596 1 0 0 0
9.239511952 1 0 0 0
9.27951158 1 0 0 0
9.31948973 1 0 0 0
9.35288192 1 0 0 0
9.392862899 1 0 0 0
9.439560576 1 0 0 0
9.479450572 1 0 0 0
9.512786906 1 0 0 0
9.546165334 1 0 0 0
9.58623503 1 0 0 0
9.626179084 1 0 0 0
9.659675941 1 0 0 0
9.699730022 1 0 0 0
9.739472223 1 0 0 0
9.772857113 1 0 0 0
9.812966915 1 0 0 0
9.859490843 1 0 0 0
9.892828556 1 0 0 0
9.932808006 1 0 0 0
9.96615568 1 0 0 0
9.999543329 1 0 0 0
10.039509351 1 0 0 0
10.072911461 1 0 0 0
10.112808218 1 0 0 0
10.152871212 1 0 0 0
10.186214636 1 0 0 0
10.219555164 1 0 0 0
10.259537585 1 0 0 0
10.299464401 1 0 0 0
10.33282244 1 0 0 0
10.379474962 1 0 0 0
10.412825942 1 0 0 0
10.452851178 1 0 0 0
10.492828804 1 0 0 0
10.52621981 1 0 0 0
10.56616402 1 0 0 0
10.606611188 1 0 0 0
10.653055188 1 0 0 0
10.692834448 1 0 0 0
10.726297036 1 0 0 0
10.766134575 1 0 0 0
10.799511817 1 0 0 0
10.839495463 1 0 0 0
10.879559051 1 0 0 0
10.919503767 1 0 0 0
10.959692522 1 0 0 0
10.999724001 1 0 0 0
11.039495152 1 0 0 0
11.072833302 1 0 0 0
11.106186082 1 0 0 0
11.139774097 1 0 0 0
11.179509445 1 0 0 0
11.21289532 1 0 0 0
11.259545769 1 0 0 0
11.299472303 1 0 0 0
11.346147853 1 0 0 0
11.379482436 1 0 0 0
11.412823395 1 0 0 0
11.459485351 1 0 0 0
11.499475015 1 0 0 0
11.532891189 1 0 0 0
11.572819496 1 0 0 0
11.612875831 1 0 0 0
11.646215093 1 0 0 0
11.692814269 1 0 0 0
11.726150448 1 0 0 0
11.759520515 1 0 0 0
11.799451877 1 0 0 0
11.832792092 1 0 0 0
11.866161368 1 0 0 0
11.906166514 1 0 0 0
11.94629572 1 0 0 0
11.992855323 1 0 0 0
12.032823227 1 0 0 0
12.066645979 1 0 0 0
12.106129274 1 0 0 0
12.13953911 1 0 0 0
12.179562458 1 0 0 0
12.226178976 1 0 0 0
12.259658709 1 0 0 0
12.299513983 1 0 0 0
12.359506095 1 0 0 0
12.399512307 1 0 0 0
12.43284684 1 0 0 0
12.472793137 1 0 0 0
12.506194877 1 0 0 0
12.546132482 1 0 0 0
12.579492554 1 0 0 0
12.619577218 1 0 0 0
12.659483662 1 0 0 0
12.692841295 1 0 0 0
12.732815392 1 0 0 0
12.772871714 1 0 0 0
12.819499595 1 0 0 0
12.852901183 1 0 0 0
12.892839885 1 0 0 0
12.926200078 1 0 0 0
12.972825055 1 0 0 0
13.01948157 1 0 0 0
13.066125704 1 0 0 0
13.106169896 1 0 0 0
13.146175977 1 0 0 0
13.186233151 1 0 0 0
13.219703754 1 0 0 0
13.259568 1 0 0 0
13.292912331 1 0 0 0
13.346189638 1 0 0 0
13.386264311 1 0 0 0
13.42618296 1 0 0 0
13.466155938 1 0 0 0
13.499566386 1 0 0 0
13.546243752 1 0 0 0
13.586572272 1 0 0 0
13.632805672 1 0 0 0
13.672838604 1 0 0 0
13.706180389 1 0 0 0
13.746175064 1 0 0 0
13.786466233 1 0 0 0
13.83279239 1 0 0 0
13.866132243 1 0 0 0
13.899534788 1 0 0 0
13.932936725 1 0 0 0
13.972825357 1 0 0 0
14.012877644 1 0 0 0
14.052817372 1 0 0 0
14.08618614 1 0 0 0
14.126160922 1 0 0 0
14.160071483 1 0 0 0
14.199500662 1 0 0 0
14.239578413 1 0 0 0
14.279498319 1 0 0 0
14.312836743 1 0 0 0
14.35286572 1 0 0 0
14.386229757 1 0 0 0
14.419769277 1 0 0 0
14.459505728 1 0 0 0
14.499748624 1 0 0 0
14.539489416 1 0 0 0
14.572839359 1 0 0 0
14.619507303 1 0 0 0
14.652863888 1 0 0 0
14.686228756 1 0 0 0
14.719603775 1 0 0 0
14.759519065 1 0 0 0
14.792922927 1 0 0 0
14.832816799 1 0 0 0
14.866299522 1 0 0 0
14.906137388 1 0 0 0
14.946122713 1 0 0 0
14.986297159 1 0 0 0
15.026307665 1 0 0 0
15.066128901 1 0 0 0
15.099497475 1 0 0 0
15.139551372 1 0 0 0
15.17950925 1 0 0 0
15.22020696 1 0 0 0
15.259486144 1 0 0 0
15.292875578 1 0 0 0
15.332830851 1 0 0 0
15.366167456 1 0 0 0
15.412846379 1 0 0 0
15.452936756 1 0 0 0
15.492955285 1 0 0 0
15.532864764 1 0 0 0
15.572807835 1 0 0 0
15.612799075 1 0 0 0
15.659509144 1 0 0 0
15.692912231 1 0 0 0
15.739491297 1 0 0 0
15.772846146 1 0 0 0
15.812907065 1 0 0 0
15.859526919 1 0 0 0
15.899510764 1 0 0 0
15.933559829 1 0 0 0
15.972825208 1 0 0 0
16.01279201 1 0 0 0
16.046144252 1 0 0 0
16.092883288 1 0 0 0
16.132881737 1 0 0 0
16.17294744 1 0 0 0
16.212822908 1 0 0 0
16.246179718 1 0 0 0
16.286399252 1 0 0 0
16.326255976 1 0 0 0
16.359653105 1 0 0 0
16.406172982 1 0 0 0
16.452836561 1 0 0 0
16.492835448 1 0 0 0
16.526264803 1 0 0 0
16.566161021 1 0 0 0
16.599496952 1 0 0 0
16.639505962 1 0 0 0
16.679832148 1 0 0 0
16.719558793 1 0 0 0
16.759757907 1 0 0 0
16.799532909 1 0 0 0
16.839490221 1 0 0 0
16.872898581 1 0 0 0
16.906510874 1 0 0 0
16.959482347 1 0 0 0
16.99950936 1 0 0 0
17.046148698 1 0 0 0
17.086205088 1 0 0 0
17.119549016 1 0 0 0
17.159511024 1 0 0 0
17.192913238 1 0 0 0
17.232821773 1 0 0 0
17.27283578 1 0 0 0
17.306189296 1 0 0 0
17.353074682 1 0 0 0
17.39280894 1 0 0 0
17.432796796 1 0 0 0
17.466174293 1 0 0 0
17.512796361 1 0 0 0
17.546155584 1 0 0 0
17.57949898 1 0 0 0
17.619532573 1 0 0 0
17.659488123 1 0 0 0
17.699488882 1 0 0 0
17.739475727 1 0 0 0
17.772839107 1 0 0 0
17.806182444 1 0 0 0
17.839535241 1 0 0 0
17.872869687 1 0 0 0
17.919555943 1 0 0 0
17.966188129 1 0 0 0
18.006145471 1 0 0 0
18.039531103 1 0 0 0
18.07954584 1 0 0 0
18.112989878 1 0 0 0
18.159535548 1 0 0 0
18.199511034 1 0 0 0
18.239574147 1 0 0 0
18.279546286 1 0 0 0
18.319507851 1 0 0 0
18.359509814 1 0 0 0
18.399493763 1 0 0 0
18.439525858 1 0 0 0
18.479534074 1 0 0 0
18.526236128 1 0 0 0
18.566170626 1 0 0 0
18.606161921 1 0 0 0
18.639559106 1 0 0 0
18.679502696 1 0 0 0
18.719892734 1 0 0 0
18.766125224 1 0 0 0
18.806170946 1 0 0 0
18.839522677 1 0 0 0
18.879523629 1 0 0 0
18.919844226 1 0 0 0
18.966318595 1 0 0 0
19.012883981 1 0 0 0
19.059494754 1 0 0 0
19.09949222 1 0 0 0
19.133223444 1 0 0 0
19.172810056 1 0 0 0
19.219522116 1 0 0 0
19.253242584 1 0 0 0
19.292908627 1 0 0 0
19.359456198 1 0 0 0
19.392900055 1 0 0 0
19.432969278 1 0 0 0
19.472840787 1 0 0 0
19.506201176 1 0 0 0
19.539549646 1 0 0 0
19.572897298 1 0 0 0
19.606290947 1 0 0 0
19.652901964 1 0 0 0
19.686817749 1 0 0 0
19.732786106 1 0 0 0
19.766154718 1 0 0 0
19.799513903 1 0 0 0
19.846157433 1 0 0 0
19.886185784 1 0 0 0
19.932826857 1 0 0 0
19.96644143 1 0 0 0
20.006168897 1 0 0 0
20.039508604 1 0 0 0
20.072854169 1 0 0 0
20.119493265 1 0 0 0
20.159571338 1 0 0 0
20.199464875 1 0 0 0
20.232806189 1 0 0 0
20.266140242 1 0 0 0
20.29948817 1 0 0 0
20.346154114 1 0 0 0
20.386184778 1 0 0 0
20.419645153 1 0 0 0
20.459553699 1 0 0 0
20.506181065 1 0 0 0
20.546328715 1 0 0 0
20.586174018 1 0 0 0
20.619641054 1 0 0 0
20.659634563 1 0 0 0
20.699509526 1 0 0 0
20.739465768 1 0 0 0
20.772828886 1 0 0 0
20.806168849 1 0 0 0
20.839545114 1 0 0 0
20.906185133 1 0 0 0
20.959588021 1 0 0 0
20.993428463 1 0 0 0
21.032866747 1 0 0 0
21.072850611 1 0 0 0
21.112798575 1 0 0 0
21.146199868 1 0 0 0
21.19280769 1 0 0 0
21.279531859 1 0 0 0
21.326144316 1 0 0 0
21.359581014 1 0 0 0
21.399489687 1 0 0 0
21.439512071 1 0 0 0
21.479506359 1 0 0 0
21.532879382 1 0 0 0
21.579504875 1 0 0 0
21.6194806 1 0 0 0
21.659590762 1 0 0 0
21.693056858 1 0 0 0
21.732802381 1 0 0 0
21.766172026 1 0 0 0
21.826183343 1 0 0 0
21.860134725 1 0 0 0
21.899537023 1 0 0 0
21.932882043 1 0 0 0
21.972841622 1 0 0 0
22.006185132 1 0 0 0
22.066171403 1 0 0 0
22.09954129 1 0 0 0
22.13946909 1 0 0 0
22.172828181 1 0 0 0
22.206291146 1 0 0 0
22.246146822 1 0 0 0
22.279509683 1 0 0 0
22.312850913 1 0 0 0
22.35284604 1 0 0 0
22.386211656 1 0 0 0
22.432796639 1 0 0 0
22.466235127 1 0 0 0
22.506162132 1 0 0 0
22.539504312 1 0 0 0
22.579529333 1 0 0 0
22.612910396 1 0 0 0
22.652826209 1 0 0 0
22.699614379 1 0 0 0
22.746167452 1 0 0 0
22.792871605 1 0 0 0
22.832816201 1 0 0 0
22.866220643 1 0 0 0
22.906157187 1 0 0 0
22.946168594 1 0 0 0
22.979511241 1 0 0 0
23.019555578 1 0 0 0
23.059548667 1 0 0 0
23.099512555 1 0 0 0
23.139493872 1 0 0 0
23.179559764 1 0 0 0
23.226342246 1 0 0 0
23.259811362 1 0 0 0
23.306257862 1 0 0 0
23.33967537 1 0 0 0
23.386189064 1 0 0 0
23.419558706 1 0 0 0
23.466128285 1 0 0 0
23.506143597 1 0 0 0
23.546151593 1 0 0 0
23.57955962 1 0 0 0
23.626173104 1 0 0 0
23.666149851 1 0 0 0
23.699493211 1 0 0 0
23.73284802 1 0 0 0
23.772878655 1 0 0 0
23.812840907 1 0 0 0
23.859579244 1 0 0 0
23.899511394 1 0 0 0
23.939508803 1 0 0 0
23.979726787 1 0 0 0
24.019533476 1 0 0 0
24.059534397 1 0 0 0
24.092907552 1 0 0 0
24.139514611 1 0 0 0
24.179528334 1 0 0 0
24.219558834 1 0 0 0
24.259573054 1 0 0 0
24.299623404 1 0 0 0
24.339496786 1 0 0 0
24.372858346 1 0 0 0
24.412837393 1 0 0 0
24.446387304 1 0 0 0
24.492976672 1 0 0 0
24.52697556 1 0 0 0
24.56618038 1 0 0 0
24.599544546 1 0 0 0
24.639527583 1 0 0 0
24.679497444 1 0 0 0
24.719533878 1 0 0 0
24.759685587 1 0 0 0
24.80619885 1 0 0 0
24.852842839 1 0 0 0
24.886197382 1 0 0 0
24.932827191 1 0 0 0
24.966175307 1 0 0 0
24.999536085 1 0 0 0
25.039506243 1 0 0 0
25.072847093 1 0 0 0
25.11313852 1 0 0 0
25.15954619 1 0 0 0
25.199630168 1 0 0 0
25.239629958 1 0 0 0
25.299623957 1 0 0 0
25.34622433 1 0 0 0
25.3928253 1 0 0 0
25.43976097 1 0 0 0
25.47951148 1 0 0 0
25.512854146 1 0 0 0
25.552855011 1 0 0 0
25.592842102 1 0 0 0
25.626202467 1 0 0 0
25.659618071 1 0 0 0
25.706194825 1 0 0 0
25.739549893 1 0 0 0
25.779507532 1 0 0 0
25.819523917 1 0 0 0
25.852918347 1 0 0 0
25.892846567 1 0 0 0
25.932837279 1 0 0 0
25.979547691 1 0 0 0
26.01955121 1 0 0 0
26.059512659 1 0 0 0
26.099513907 1 0 0 0
